[gd_scene load_steps=7 format=2]

[ext_resource path="res://mesh/mesh0.meshlib" type="MeshLibrary" id=1]
[ext_resource path="res://terdampar_env.tres" type="Environment" id=2]

[sub_resource type="GDScript" id=4]
script/source = "extends Spatial

var ketinggian_air:= 1.5

# Called when the node enters the scene tree for the first time.
func _ready():
	pass # Replace with function body.


# Called every frame. 'delta' is the elapsed time since the previous frame.
func _process(delta: float):
	$air.translation.y = lerp($air.translation.y, ketinggian_air, 0.15)


func _on_Timer_timeout():
	randomize()
	ketinggian_air = rand_range(1.5, 2.0)
	$Timer.wait_time = rand_range(0.1, 0.6)
	pass # Replace with function body.
"

[sub_resource type="SpatialMaterial" id=1]
flags_transparent = true
albedo_color = Color( 0.054902, 0.494118, 0.729412, 0.784314 )

[sub_resource type="PlaneMesh" id=2]
material = SubResource( 1 )
size = Vector2( 200, 200 )

[sub_resource type="CapsuleMesh" id=3]

[node name="scene0" type="Spatial"]
script = SubResource( 4 )

[node name="GridMap" type="GridMap" parent="."]
mesh_library = ExtResource( 1 )
data = {
"cells": PoolIntArray( 1, 1, 2, 2, 1, 2, 3, 1, 2, 4, 1, 2, 1, 2, 2, 4, 2, 2, 1, 3, 2, 3, 3, 2, 4, 3, 2, 0, 4, 1, 1, 4, 2, 2, 4, 2, 3, 4, 2, 4, 4, 2, 5, 4, 2, 6, 4, 2, 7, 4, 2, 8, 4, 1, 4, 5, 2, 7, 5, 2, 4, 6, 2, 5, 6, 0, 7, 6, 2, 4, 7, 2, 5, 7, 2, 6, 7, 2, 7, 7, 2 )
}
__meta__ = {
"_editor_clip_": 0
}

[node name="air" type="MeshInstance" parent="."]
transform = Transform( 1, 0, 0, 0, 1, 0, 0, 0, 1, 0, 2, 0 )
mesh = SubResource( 2 )
material/0 = null

[node name="kamera" type="Spatial" parent="."]
transform = Transform( 0.707107, 0, -0.707107, 0, 1, 0, 0.707107, 0, 0.707107, 8.98026, 0, -3.74767 )

[node name="target" type="MeshInstance" parent="kamera"]
transform = Transform( 1, 0, 0, 0, -4.37114e-08, -1, 0, 1, -4.37114e-08, 9, 2, 9 )
visible = false
mesh = SubResource( 3 )
material/0 = null

[node name="Camera" type="Camera" parent="kamera"]
transform = Transform( -1, -6.18172e-08, 6.18172e-08, 0, 0.707107, 0.707107, -8.74228e-08, 0.707107, -0.707107, 9, 12, -1 )
environment = ExtResource( 2 )
projection = 1
size = 20.0

[node name="Timer" type="Timer" parent="."]
wait_time = 0.5
autostart = true

[node name="DirectionalLight" type="DirectionalLight" parent="."]
transform = Transform( -0.707107, 0.664463, 0.241845, 2.99003e-08, -0.34202, 0.939693, 0.707107, 0.664463, 0.241845, 0, 12, 0 )
shadow_enabled = true

[connection signal="timeout" from="Timer" to="." method="_on_Timer_timeout"]
