[gd_scene load_steps=10 format=2]

[ext_resource path="res://mesh/mesh0.meshlib" type="MeshLibrary" id=1]
[ext_resource path="res://terdampar_env.tres" type="Environment" id=2]
[ext_resource path="res://scripts/scene0.gd" type="Script" id=3]
[ext_resource path="res://scenes/player.tscn" type="PackedScene" id=4]
[ext_resource path="res://scenes/block.tscn" type="PackedScene" id=5]
[ext_resource path="res://scenes/apel.tscn" type="PackedScene" id=6]

[sub_resource type="SpatialMaterial" id=1]
flags_transparent = true
albedo_color = Color( 0.054902, 0.494118, 0.729412, 0.784314 )

[sub_resource type="PlaneMesh" id=2]
material = SubResource( 1 )
size = Vector2( 200, 200 )

[sub_resource type="CapsuleMesh" id=3]

[node name="scene" type="Spatial"]
script = ExtResource( 3 )
next_level = 2

[node name="GridMap" type="GridMap" parent="." groups=["wall"]]
mesh_library = ExtResource( 1 )
data = {
"cells": PoolIntArray( 1, 1, 2, 2, 1, 2, 3, 1, 2, 4, 1, 2, 1, 2, 2, 4, 2, 2, 7, 2, 2, 1, 3, 2, 3, 3, 2, 4, 3, 2, 0, 4, 1, 1, 4, 2, 2, 4, 2, 3, 4, 2, 4, 4, 2, 5, 4, 2, 6, 4, 2, 7, 4, 2, 8, 4, 1, 4, 5, 2, 5, 5, 2, 6, 5, 2, 7, 5, 2, 4, 6, 2, 5, 6, 2, 6, 6, 2, 7, 6, 2, 4, 7, 2, 5, 7, 2, 6, 7, 2, 7, 7, 2, 4, 8, 0 )
}
__meta__ = {
"_editor_clip_": 0
}

[node name="player" parent="." instance=ExtResource( 4 )]
transform = Transform( 1, 0, 0, 0, 1, 0, 0, 0, 1, 3, 3, 3 )

[node name="air" type="MeshInstance" parent="."]
transform = Transform( 1, 0, 0, 0, 1, 0, 0, 0, 1, 0, 2, 0 )
visible = false
mesh = SubResource( 2 )
material/0 = null

[node name="kamera" type="Spatial" parent="."]
transform = Transform( 0.707107, 0, -0.707107, 0, 1, 0, 0.707107, 0, 0.707107, 8.98026, 0, -3.74767 )

[node name="target" type="MeshInstance" parent="kamera"]
transform = Transform( 1, 0, 0, 0, -4.37114e-08, -1, 0, 1, -4.37114e-08, 9, 2, 9 )
visible = false
mesh = SubResource( 3 )
material/0 = null

[node name="Camera" type="Camera" parent="kamera"]
transform = Transform( -1, -8.9407e-08, 8.9407e-08, 0, 0.707107, 0.707107, -1.49012e-07, 0.707107, -0.707106, 9, 12, -1 )
environment = ExtResource( 2 )
projection = 1
size = 20.0

[node name="Timer" type="Timer" parent="."]
wait_time = 0.5
autostart = true

[node name="DirectionalLight" type="DirectionalLight" parent="."]
transform = Transform( 0.0794593, 0.948574, -0.306421, 0.5, 0.228002, 0.835473, 0.862372, -0.219596, -0.45617, 0, 12, 0 )
shadow_enabled = true

[node name="block" parent="." instance=ExtResource( 5 )]
transform = Transform( 1, 0, 0, 0, 1, 0, 0, 0, 1, 9, 3, 9 )

[node name="block3" parent="." instance=ExtResource( 5 )]
transform = Transform( 1, 0, 0, 0, 1, 0, 0, 0, 1, 15, 3, 15 )

[node name="apel" parent="." instance=ExtResource( 6 )]
transform = Transform( 1, 0, 0, 0, 1, 0, 0, 0, 1, 15, 3, 5 )

[connection signal="timeout" from="Timer" to="." method="_on_Timer_timeout"]
